	0   0   0   0   0   0   0   0   0   0   0   0   0   0   0   0
0   0   0   0   0   0   0   0   0   0   0   0   0   0   0   0
0   0   0   0   0   0   0   0   0   0   0   0   0   0   0   0
0 200 200 200 200 200 200 200 200 200 200 200 200 200 200   0
0 200 160 160 160 160 169 160 160 160 160 160 160 160 200   0
0 200 160 120 120 120 120 120 120 120 120 120 120 160 200   0
0 200 160 120  80  80  80  80  80  80  80  80 120 160 200   0
0 200 160 120  80  40  40  40  40  40  40  80 120 160 200   0
0 200 160 160  80  40  30  30  30  30  40  80 120 160 200   0
0 200 160 160  80  40  30  20  20  30  40  80 120 160 200   0
0 200 160 160  80  40  30  20   0  30  40  80 120 160 200   0
0 200 160 160  80  40  30  20  20  30  40  80 120 160 200   0
0 200 160 160  80  40  30  30  30  30  40  80 120 160 200   0
0 200 160 120  80  40  40  40  40  40  40  80 120 160 200   0
0 200 160 120  80  80  80  80  80  80  80  80 120 160 200   0
0 200 160 120 120 120 120 120 120 120 120 120 120 160 200   0
0 200 160 160 160 160 169 160 160 160 160 160 160 160 200   0
0 200 200 200 200 200 200 200 200 200 200 200 200 200 200   0
0   0   0   0   0   0   0   0   0   0   0   0   0   0   0   0
0   0   0   0   0   0   0   0   0   0   0   0   0   0   0   0
0   0   0   0   0   0   0   0   0   0   0   0   0   0   0   0